1482991008
1482991011
1482991012
1482991015
1482991018
1482991021
1482991024
1482991029
1482991030
1482991033
1482991036
1482991039
1482991044
1482991045
1482991046
1482991053
1482991056
1482991060
1482991061
1482991059
1482991062
1482991071
1482991074
1482991075
1482991078
1482991084
1482991089
1482991090
1482991091
1482991098
1482991101
1482991104
1482991106
1482991105
1482991107
1482991114
1482991117
1482991122
1482991123
1482991149
1482991153
1482991157
1482991161
1482991165
1482991169
1482991173
1482991177
1482991181
1482991185
